0.000000 0.077445 -0.010331 -201.240000
0.010000 0.514691 -0.068568 -127.784189
0.020000 1.227978 -0.163114 7.439199
0.030000 1.955235 -0.258317 90.630117
0.040000 2.513650 -0.329082 114.647451
0.050000 2.841981 -0.366692 107.628408
0.060000 2.951371 -0.372312 90.477529
0.070000 2.879677 -0.350881 70.335928
0.080000 2.671903 -0.308472 49.461904
0.090000 2.373650 -0.251372 29.747549
0.100000 2.027046 -0.185492 13.023916
0.110000 1.667027 -0.115831 0.725332
0.120000 1.318677 -0.046089 -6.995615
0.130000 0.997166 0.021370 -11.420664
0.140000 0.710036 0.085222 -13.160166
0.150000 0.459010 0.144958 -13.007578
0.160000 0.241916 0.200618 -12.153086
0.170000 0.054863 0.252510 -10.718760
0.180000 -0.106772 0.301066 -9.711680
0.190000 -0.246884 0.346646 -8.857188
0.200000 -0.368611 0.389532 -8.429941
0.210000 -0.474207 0.429905 -8.002695
0.220000 -0.565451 0.467898 -8.002695
0.230000 -0.643277 0.503545 -8.155283
0.240000 -0.708108 0.536828 -8.277354
0.250000 -0.760330 0.567733 -8.155283
0.260000 -0.800676 0.596308 -7.850107
0.270000 -0.830194 0.622651 -7.422861
0.280000 -0.850148 0.646904 -6.843027
0.290000 -0.861941 0.669233 -6.415781
0.300000 -0.866668 0.689773 -6.141123
0.310000 -0.865064 0.708618 -5.866465
0.320000 -0.857808 0.725858 -5.439219
0.330000 -0.845762 0.741618 -5.011973
0.340000 -0.829804 0.756024 -4.584727
0.350000 -0.810787 0.769208 -4.126963
0.360000 -0.789516 0.781294 -3.852305
0.370000 -0.766500 0.792372 -3.577646
0.380000 -0.742062 0.802507 -3.577646
0.390000 -0.716202 0.811724 -3.272471
0.400000 -0.689261 0.820093 -2.997813
0.410000 -0.661596 0.827688 -2.845225
0.420000 -0.633401 0.834563 -2.570566
0.430000 -0.604961 0.840783 -2.417979
0.440000 -0.576466 0.846401 -2.143320
0.450000 -0.548244 0.851489 -1.868662
0.460000 -0.520627 0.856119 -1.716074
0.470000 -0.493764 0.860339 -1.563486
0.480000 -0.467811 0.864194 -1.288828
0.490000 -0.443073 0.867753 -1.136240
0.500000 -0.419562 0.871039 -1.410898
0.510000 -0.396747 0.874006 -1.288828
0.520000 -0.374562 0.876668 -1.136240
0.530000 -0.353087 0.879056 -1.136240
0.540000 -0.332189 0.881174 -1.136240
0.550000 -0.311840 0.883039 -0.708994
0.560000 -0.292574 0.884743 -0.556406
0.570000 -0.274615 0.886333 -0.556406
0.580000 -0.257859 0.887814 -0.556406
0.590000 -0.242097 0.889174 -0.708994
0.600000 -0.226949 0.890378 -0.708994
0.610000 -0.212221 0.891415 -0.708994
0.620000 -0.197836 0.892290 -0.556406
0.630000 -0.184006 0.893044 -0.281748
0.640000 -0.171087 0.893739 -0.281748
0.650000 -0.159068 0.894385 -0.281748
0.660000 -0.147898 0.894989 -0.129160
0.670000 -0.137653 0.895571 -0.281748
0.680000 -0.128121 0.896113 -0.129160
0.690000 -0.119394 0.896636 -0.129160
0.700000 -0.111497 0.897153 -0.007090
